Assignment 2 part 1

A)0x49D723 
	= 0000 0000 0100 1001 1101 0111 0010 0011
	= 0000 0000 0100 {1001 1101 0}111 0010 0011

B)0x1BA621B0
	= 0000 0000 0001 1011 1010 0110 0010 0001 1011 0000
	= 0000 0000 0001 1011 1010 0110 0010 0001 {1011} 0000

c)0xDEADBEEF
	= 0000 0000 1101 1110 1010 1101 1011 1110 1110 1111
	= 0000 0000 11{01 1110 1010 1101 1011 1110} 1110 1111


Assignment 2 part 2

A)	multiplier = 120490892
	0000 0000 0000 0111 0010 1110 1000 1011 1000 1100

	multiplicand = 82732983
	0000 0100 1110 1110 0110 0111 1011 0111	

	product = 9968570919490836
	1000 1101 1010 1001 0111 0011 0010 0010 0100 1100 0101 0100 0101

B)	
	multiplier = -120490892 
	0000 0000 1111 1000 1101 0001 0111 0100 0111 0100

	multiplicand = 82732983
	0000 0100 1110 1110 0110 0111 1011 0111	

	product = -9968570919490836
	1000 1101 1010 1001 0111 0011 0010 0010 0100 1100 0101 0100 0101

C)	
	multiplier = -120490892 
	0000 0000 1111 1000 1101 0001 0111 0100 0111 0100

	multiplicand = -82732983
	0000 0000 1111 1011 0001 0001 1001 1000 0100 1001

	product =9968570919490836
	1000 1101 1010 1001 0111 0011 0010 0010 0100 1100 0101 0100 0101



